[?25l[0m [38;2;0;0;0m               [0m [38;2;5;171;177m▄[38;2;2;195;199m▎  [7m[38;2;2;200;197m▊[0m[38;2;5;176;175m▄[0m [38;2;25;26;37m                [0m
 [38;2;0;0;0m              [38;2;13;115;126m▗[7m[38;2;1;198;207m▘[0m[38;2;0;211;219;48;2;0;212;218m▄[0m[38;2;0;212;218m▎  [7m[38;2;0;217;215m▊[0m[38;2;0;217;215;48;2;0;218;214m▄[0m[7m[38;2;1;206;203m▝[0m[38;2;13;121;124m▖               [0m
 [38;2;0;0;0m            [0m [38;2;1;200;216m▗[38;2;0;207;221;48;2;1;197;211m┈[38;2;0;208;221;48;2;0;209;220m▄[38;2;0;209;220;48;2;0;210;219m▄[0m[38;2;0;210;219m▎  [7m[38;2;0;215;216m▊[0m[38;2;0;215;216;48;2;0;216;216m▃[38;2;0;216;216;48;2;0;217;215m▖[38;2;0;218;215;48;2;1;207;205m╴[0m[38;2;1;213;209m▖[0m [38;2;25;26;37m             [0m
 [38;2;0;0;0m           [0m [7m[38;2;2;187;207m▘[0m[38;2;0;203;223;48;2;0;204;223m▃[38;2;0;204;223;48;2;0;205;222m▖[38;2;0;206;222;48;2;0;203;218m╴[0m[7m[38;2;4;178;190m▄[0m [38;2;25;26;37m  [0m [7m[38;2;4;183;187m▄[0m[38;2;0;215;216;48;2;0;211;213m┊[38;2;0;217;215;48;2;0;216;216m▝[38;2;0;218;214;48;2;0;217;215m▝[0m[7m[38;2;2;202;199m▝[0m [38;2;14;113;117m            [0m
 [38;2;0;0;0m         [0m [38;2;1;191;219m▗[38;2;0;196;222;48;2;8;144;164m▇[38;2;0;201;224;48;2;0;200;225m▝[48;2;0;202;224m▃[0m[7m[38;2;1;198;218m▗[0m[38;2;7;150;165m▘      [38;2;7;156;161m▝[7m[38;2;1;209;212m▖[0m[38;2;0;216;216;48;2;0;215;216m▝[48;2;0;217;215m▄[38;2;0;214;211;48;2;8;156;157m▇[0m[38;2;1;211;207m▖[0m [38;2;25;26;37m          [0m
 [38;2;0;0;0m        [0m [7m[38;2;2;177;208m▘[0m[38;2;0;195;228;48;2;0;196;227m▖[38;2;0;198;226;48;2;0;197;227m▝[48;2;0;195;222m┈[0m[7m[38;2;4;172;195m▄[0m [38;2;25;26;37m        [0m [7m[38;2;4;184;188m▄[0m[38;2;0;214;217;48;2;0;210;213m┈[38;2;0;215;216;48;2;0;216;216m▃[38;2;0;218;215;48;2;0;217;215m▝[0m[7m[38;2;2;198;196m▝[0m [38;2;14;109;113m         [0m
 [38;2;0;0;0m       [38;2;3;172;209m▗[38;2;1;185;223;48;2;10;128;155m▇[38;2;0;192;230;48;2;0;193;229m▃[38;2;0;195;228;48;2;0;194;229m▝[0m[7m[38;2;1;191;223m▗[0m[38;2;8;141;164m▘            [38;2;8;152;158m▝[7m[38;2;1;210;213m▖[0m[38;2;0;214;217;48;2;0;215;216m▖[38;2;0;216;216;48;2;0;217;215m▅[38;2;1;210;208;48;2;10;144;145m▇[0m[38;2;3;197;195m▖        [0m
 [38;2;0;0;0m     [0m [7m[38;2;8;137;172m▘[0m[38;2;0;188;232;48;2;0;188;231m╴[38;2;0;189;232;48;2;0;190;231m▃[38;2;0;191;231;48;2;0;190;230m┊[0m[7m[38;2;6;149;179m▗[0m [38;2;25;26;37m              [0m [7m[38;2;6;165;170m▖[0m[38;2;0;214;217;48;2;0;214;216m┈[38;2;0;215;216;48;2;0;216;216m▄[38;2;0;217;215;48;2;0;216;214m┊[0m[7m[38;2;8;158;159m▝[0m [38;2;25;26;37m      [0m
 [38;2;0;0;0m    [0m [7m[38;2;5;153;197m▘[0m[38;2;0;186;233;48;2;0;185;234m▝[48;2;0;187;233m▅[38;2;0;187;233;48;2;1;182;225m╴[0m[38;2;2;177;217m▘                  [38;2;2;199;204m▝[38;2;0;214;217;48;2;1;207;211m┊[48;2;0;215;216m▃[38;2;0;215;216;48;2;0;216;215m▄[0m[7m[38;2;5;180;181m▝[0m [38;2;25;26;37m     [0m
 [38;2;0;0;0m    [7m[38;2;5;149;196m▌[0m[38;2;0;181;236;48;2;0;182;236m▃[38;2;0;184;235;48;2;0;183;235m▝[48;2;1;181;230m╴[0m[38;2;4;162;204m▘                    [38;2;4;185;191m▝[38;2;0;213;218;48;2;1;209;213m┈[38;2;0;213;217;48;2;0;214;217m▖[38;2;0;216;216;48;2;0;215;216m▝[0m[38;2;5;177;179m▌     [0m
 [38;2;0;0;0m   [7m[38;2;12;106;143m▉[0m[38;2;0;179;238;48;2;1;174;231m┈[48;2;0;180;237m▖[38;2;0;180;237;48;2;0;181;236m▖[0m[38;2;3;162;210m▌                      [7m[38;2;3;188;195m▌[0m[38;2;0;211;219;48;2;0;212;218m▖[38;2;0;213;218;48;2;0;214;217m▄[38;2;0;214;217;48;2;1;208;211m┈[0m[38;2;12;125;131m▏    [0m
 [38;2;0;0;0m   [7m[38;2;2;165;225m▋[0m[38;2;0;176;239;48;2;0;177;239m▃[38;2;0;177;239;48;2;0;178;238m▖[38;2;0;178;238;48;2;0;179;237m▃[0m[38;2;3;160;211m▏                      [7m[38;2;3;185;196m▉[0m[38;2;0;209;220;48;2;0;210;219m▖[38;2;0;211;219;48;2;0;212;218m▅[38;2;0;213;217m▝[0m[38;2;2;199;204m▍    [0m
 [38;2;0;0;0m   [7m[38;2;1;167;231m▋[0m[38;2;0;174;241;48;2;0;175;240m▖[38;2;0;175;240;48;2;0;176;239m▖[38;2;0;178;238;48;2;0;177;239m▝[0m[38;2;3;155;208m▏                      [7m[38;2;3;181;194m▉[0m[38;2;0;207;221;48;2;0;208;220m▖[38;2;0;210;219;48;2;0;209;220m▝[38;2;0;211;219;48;2;0;210;219m▝[0m[38;2;1;203;210m▍    [0m
 [38;2;0;0;0m   [0m [38;2;0;173;241;48;2;0;169;237m┊[48;2;0;174;240m▃[38;2;0;176;239;48;2;0;175;240m▝[0m[38;2;4;153;208m▌                      [7m[38;2;4;178;194m▌[0m[38;2;0;205;222;48;2;0;206;221m▃[38;2;0;208;220;48;2;0;207;221m▝[38;2;0;209;220;48;2;0;204;216m┊[0m[38;2;10;136;147m▏    [0m
 [38;2;0;0;0m    [7m[38;2;5;140;198m▌[0m[38;2;0;171;242;48;2;0;172;241m▄[38;2;0;174;241;48;2;0;173;241m▝[48;2;1;171;236m╴[0m[38;2;2;162;223m▖                    [38;2;2;186;208m▗[38;2;0;203;224;48;2;1;199;219m┊[38;2;0;203;223;48;2;0;204;223m▃[38;2;0;206;222;48;2;0;205;222m▝[0m[38;2;5;167;181m▌     [0m
 [38;2;0;0;0m     [38;2;0;171;242m▝[48;2;0;169;240m┊[38;2;0;172;242;48;2;0;173;241m▅[38;2;0;173;241;48;2;0;173;240m┈[0m[7m[38;2;4;148;204m▝[0m[38;2;12;100;138m▂                [38;2;12;111;131m▂[7m[38;2;4;167;192m▘[0m[38;2;0;199;226;48;2;0;199;225m╴[38;2;0;200;225;48;2;0;201;224m▄[38;2;0;202;224;48;2;0;200;222m┊[0m[38;2;0;203;223m▘      [0m
 [38;2;0;0;0m      [38;2;7;127;181m▝[7m[38;2;2;158;225m▂[0m[38;2;19;62;88;48;2;0;171;242m [38;2;0;172;242;48;2;0;173;241m▖[38;2;0;174;241;48;2;0;173;239m╴[0m[38;2;2;165;227m▆[38;2;4;154;209m▄[38;2;6;140;190m▂[0m [38;2;25;26;37m        [0m [38;2;6;150;183m▂[38;2;4;167;201m▄[38;2;2;183;216m▆[38;2;0;195;228;48;2;0;193;226m┈[38;2;0;196;228;48;2;0;197;227m▅ [0m[7m[38;2;2;184;210m▂[0m[38;2;7;148;168m▘       [0m
 [38;2;0;0;0m        [7m[38;2;8;125;178m▆[38;2;3;155;219m▃[38;2;1;167;235m▁[0m[38;2;0;174;240;48;2;0;173;241m▝[38;2;0;174;241;48;2;0;175;240m▄[38;2;0;175;240;48;2;0;176;239m▄[38;2;0;177;239;48;2;0;174;235m┈[0m[38;2;0;174;233m▇[38;2;0;178;236m▆[38;2;1;170;224m▆[38;2;0;181;236m▅[38;2;0;183;235m▅[38;2;1;173;221m▆[38;2;0;184;232m▆[38;2;0;183;228m▇[38;2;0;188;232;48;2;0;185;229m┊[38;2;0;189;232;48;2;0;190;231m▅[38;2;0;191;230m▝[48;2;0;192;230m▃[0m[7m[38;2;1;188;223m▁[38;2;3;176;207m▃[38;2;8;143;168m▆[0m[38;2;24;33;44m         [0m
 [38;2;0;0;0m          [0m [7m[38;2;9;117;165m▆[38;2;1;164;228m▅[38;2;2;159;219m▃[38;2;1;167;228m▂[38;2;1;168;227m▁[38;2;0;177;238m▁[0m[38;2;7;134;181;48;2;0;179;238m▁[38;2;1;169;225;48;2;0;180;237m▁[38;2;1;171;225;48;2;0;181;236m▁[38;2;7;137;179;48;2;0;182;235m▁[0m[7m[38;2;0;183;235m▁[38;2;1;176;223m▁[38;2;1;177;222m▂[38;2;2;171;212m▃[38;2;1;179;219m▅[38;2;9;129;158m▆[0m [38;2;25;26;37m           [0m
[?25h